Performance Statistics:

Training Set Accuracy: 68.92 
Testing Set Accuracy: 54.55 

Final weights:
Layer One:
0.7701071314313113,0.20335481323896532,-1.2857237603503697,1.870619615663592,0.7557940127592834,1.0218978716564602,-0.2951491679062521,2.1011592988863246,-0.26271957024072023
1.5886127668757841,-3.8249709292747673,-1.8566600480734914,1.5676696033167743,3.214895493452877,0.6791891036345384,-0.5726193446017711,-1.894239138039247,4.142549775406561
-3.6112459643086856,2.106902539369422,0.7129056457143846,-0.07068745263059756,-1.2060386916371961,1.5079011075431192,3.0815881994348047,1.7774000180348155,4.02333032904228
3.0308686557967204,1.3539905548766495,2.6080325363439023,2.343407236549987,0.47198593529139904,-1.0927819905265133,-1.8290222743992082,1.758281288703585,-4.4315020040761315
0.8950074261597665,-1.0599454381630258,-1.7411136954926898,0.9915297394040937,2.5389338154903047,0.6113340343272141,0.2011074477722932,0.08582759290494549,-0.016984871394090127
3.452364461513142,1.5130401844630113,1.6944495636914794,-1.0433108599121061,-0.012656449087787782,-0.2473762076183296,-0.3984895154322586,0.9134249349468248,-5.371102066176072
-0.11642270358040661,1.2837403639426923,2.786383278439554,-1.2460563068539459,-0.033168999600708356,0.294252101889024,0.030723046695562358,-0.3723932172987142,1.0204743697646879
5.171259464843651,0.04199085451042742,-2.9913864547428504,3.3070410438388618,2.6335010995519883,0.6538948938802135,0.7342500667681301,4.253438070538607,-1.3890944813244859
-0.9296421429521669,2.116260861509181,2.0060183292211535,-0.36629822532100104,-2.178506964897636,0.4437041381139146,0.24812808270383235,0.4645302723410791,0.791530096530484
0.4620150571558911,0.4748614277162597,0.27662486989592805,0.35040815485308385,0.38517000343080543,0.9781892722755255,0.4561515675973683,0.45279925681387756,0.9775802370835734

Layer Two:
-2.9058971967695824,-1.8026645059495152,-1.703989981668741,0.5749293989655692,-0.9038007692234483,0.8860263715384556
-0.38187187954047386,0.695248893857099,-0.7084853260745203,0.04828021294156381,-2.9031496181448175,-1.5635919808352632
-2.0193326421982323,1.2911400470113272,-0.3722646957253027,1.7434987740660524,-1.1300995917783445,-2.6456832488269644
-2.274529955190273,1.241409288175626,-2.163136061640737,-1.825669740802139,-0.17233498938496433,0.9573960427674968
-1.6987706913974705,-1.021718002823857,-1.9158669525618668,-1.6618228308936425,0.6753116524913655,0.48890772685068923
0.7222355621396149,-0.2710703604650464,-0.9206740405398094,-1.8630948949703443,-1.1679590967828863,-0.9851557737595704
1.5599427881646348,-0.8891387637061982,0.11901969730642528,-2.7916405410807323,-3.0353407230913185,-1.793016747113618
0.2569627791972609,-0.9133905368811501,-1.5663836170640713,-1.159393610394878,-3.0166285875783667,0.9314264060794688
-0.03687553949413399,-0.41168503707791854,0.3850243121283847,-3.4546978635631573,1.3183047088290647,-2.525954788556237


Number of Epochs to train the model:
2000

Termination Criteria: 5000 Epochs

Testing Targets:
1 1 2 2 7 1 2 2 2 2 2 2 1 5 2 6 1 1 1 1 2 7 7 1 3 5 2 2 3 3 7 1 1
Predicted Testing Targets:
2 2 1 1 7 2 2 1 2 1 1 1 1 5 1 6 1 1 1 1 2 7 7 1 2 2 2 1 1 1 7 1 1

Confusion Matrix:
[[8 3 0 0 0 0]
 [8 4 0 0 0 0]
 [2 1 0 0 0 0]
 [0 1 0 1 0 0]
 [0 0 0 0 1 0]
 [0 0 0 0 0 4]]

Classification Report:
              precision    recall  f1-score   support

           1       0.44      0.73      0.55        11
           2       0.44      0.33      0.38        12
           3       0.00      0.00      0.00         3
           5       1.00      0.50      0.67         2
           6       1.00      1.00      1.00         1
           7       1.00      1.00      1.00         4

   micro avg       0.55      0.55      0.55        33
   macro avg       0.65      0.59      0.60        33
weighted avg       0.52      0.55      0.51        33

